100
0 68 23 80 58 65 47 94 17 36 27 88 2 64 54 68 71 1 56 94 3 26 31 7 46 94 83 92 87 71 37 7 99 96 22 64 25 65 36 75 84 55 49 20 61 78 4 23 9 29 76 69 5 5 30 46 80 58 99 52 61 65 78 80 62 95 31 76 80 36 15 73 4 76 34 66 33 10 39 92 27 42 18 27 3 60 20 93 8 65 34 86 81 85 95 88 64 94 56 16 
43 0 5 65 36 25 10 34 94 75 84 45 37 35 93 5 62 44 35 56 78 28 5 73 38 43 92 1 56 85 13 3 100 57 69 81 12 30 62 97 20 98 34 24 85 82 65 54 13 98 51 70 32 9 94 91 65 2 54 51 74 40 91 67 60 16 71 64 78 41 59 100 9 96 61 87 24 52 96 76 72 19 36 71 15 59 5 97 73 96 78 9 67 50 64 41 44 70 57 64 
12 84 0 86 10 75 19 12 91 46 100 78 11 44 48 89 13 23 53 2 89 15 83 12 92 92 71 22 79 84 84 15 43 60 84 18 27 15 1 73 67 7 52 32 59 15 13 87 99 80 37 72 65 100 76 81 19 71 27 78 31 24 14 42 73 28 41 56 12 10 32 68 63 95 66 2 85 90 30 45 2 14 93 60 49 78 39 81 26 58 50 71 73 93 67 6 100 26 54 56 
84 51 84 0 34 3 30 7 87 44 89 62 20 48 13 74 69 91 19 92 83 26 40 3 31 8 33 5 18 90 61 93 65 27 81 55 11 88 64 75 12 56 81 35 76 36 37 68 24 73 42 3 64 10 100 56 10 4 6 6 95 14 72 100 87 86 30 92 46 65 17 6 24 70 80 51 16 78 39 67 40 2 78 99 12 46 60 79 17 21 18 71 28 25 97 16 20 32 37 94 
95 58 6 8 0 96 25 88 39 84 31 41 98 62 83 45 57 82 83 67 13 88 84 27 88 82 50 75 89 81 65 57 50 56 72 45 56 91 93 19 79 70 98 96 26 18 79 74 73 10 12 37 6 14 8 7 60 64 29 74 67 81 82 32 100 31 86 51 63 62 71 71 2 95 23 25 20 31 82 45 99 69 37 86 1 44 73 44 17 19 50 30 37 54 37 17 3 64 61 73 
13 53 18 23 30 0 30 99 10 81 46 81 54 71 75 38 94 52 49 51 45 69 3 42 43 21 56 85 80 9 40 31 21 90 99 22 70 33 12 61 37 88 34 90 13 12 47 76 5 45 94 79 61 49 75 80 13 45 4 3 77 48 18 82 9 50 24 68 58 72 60 57 21 80 88 88 50 31 18 22 99 5 98 21 62 77 4 17 40 70 70 33 8 41 99 37 48 84 13 63 
78 59 92 80 9 40 0 91 12 73 60 19 93 20 24 74 99 31 57 33 20 88 96 17 78 58 28 87 5 14 21 38 47 74 57 72 65 83 49 88 96 74 47 99 47 77 65 90 67 36 49 11 61 86 22 65 34 25 69 97 1 82 93 95 88 2 88 5 28 90 63 42 67 30 28 6 58 12 62 5 72 25 96 61 96 64 22 60 94 58 40 50 85 62 36 6 79 70 54 67 
98 6 70 78 81 27 58 0 99 78 98 85 68 59 30 63 48 26 16 2 99 45 89 8 9 98 25 18 18 79 34 80 41 41 11 62 8 91 6 47 43 97 76 39 54 94 63 70 44 26 36 75 81 36 99 58 75 22 79 14 97 37 30 10 88 80 13 70 3 8 88 89 77 61 16 100 60 79 89 85 60 52 50 85 16 41 14 30 92 88 28 70 4 99 47 44 39 4 56 92 
92 72 75 65 49 18 92 48 0 41 74 50 68 16 37 16 20 80 34 80 48 11 69 8 32 22 7 87 29 67 87 44 62 26 20 21 78 13 30 39 62 42 66 7 26 5 92 24 63 38 46 24 56 20 51 24 49 59 97 67 39 88 80 21 21 82 15 93 82 31 7 24 64 35 71 5 60 63 41 97 7 78 6 21 17 88 29 42 8 81 32 56 28 53 79 23 8 59 81 74 
83 35 33 85 40 43 1 66 18 0 62 84 90 44 43 69 97 53 19 79 63 35 42 4 36 9 58 57 23 37 82 71 98 78 38 6 53 83 86 29 100 4 84 2 57 70 38 51 91 30 24 54 87 52 22 65 5 42 73 65 23 54 99 68 12 47 88 68 28 53 5 22 93 74 88 19 85 85 54 65 59 9 60 85 47 93 90 31 78 78 39 100 61 12 13 12 12 90 76 38 
74 81 100 8 87 71 100 1 26 93 0 44 18 41 97 19 48 5 20 9 11 82 87 43 68 35 63 57 75 14 59 66 17 55 69 90 11 1 25 92 30 96 97 48 78 21 92 4 96 27 37 28 45 99 23 38 91 15 99 82 90 10 29 32 11 67 19 92 16 38 50 10 65 79 74 65 73 71 12 87 28 72 50 91 95 56 31 59 32 99 47 97 16 12 25 83 11 70 72 10 
38 84 15 3 42 24 68 83 64 43 58 0 21 88 35 65 29 91 61 71 76 68 53 37 73 10 80 95 74 14 28 40 35 82 6 44 65 42 45 31 15 66 69 86 62 65 78 64 99 20 74 58 1 50 72 35 99 86 54 71 99 66 98 66 55 87 88 76 28 92 23 10 33 64 33 8 5 58 24 93 48 35 35 62 23 46 88 46 58 59 95 5 90 54 38 4 11 49 62 9 
68 29 2 63 96 96 35 84 91 11 33 37 0 81 11 36 37 34 97 61 74 91 98 5 36 24 46 73 4 39 60 76 89 96 67 95 12 57 36 88 29 63 80 61 51 26 56 81 24 69 58 18 63 26 73 9 90 17 55 60 55 58 41 95 85 68 36 44 54 91 48 54 12 42 34 64 25 70 38 26 19 5 29 89 24 86 79 44 45 24 68 85 85 21 75 61 17 13 8 27 
17 31 22 15 89 19 84 30 53 53 86 39 34 0 21 22 30 74 48 72 64 66 74 21 6 22 96 71 71 92 35 29 83 37 1 16 29 36 63 55 79 32 45 91 77 4 10 58 31 33 47 73 3 5 6 95 74 97 45 99 69 72 41 65 87 49 48 46 42 45 14 14 63 30 67 5 70 83 68 72 49 53 44 61 48 97 65 45 8 80 23 29 48 3 52 87 45 94 9 54 
45 31 87 9 2 83 38 9 4 9 98 8 8 62 0 54 44 30 71 34 75 26 41 72 53 14 18 23 12 96 17 47 82 13 63 71 96 81 98 27 78 45 79 44 91 29 19 18 58 99 36 42 65 11 21 61 61 61 5 87 71 44 95 15 61 36 93 29 48 46 85 65 80 75 37 64 88 98 58 68 36 22 54 21 8 79 67 13 3 59 3 51 4 57 79 88 88 53 97 98 
44 14 54 38 84 24 50 43 80 32 77 59 69 43 9 0 10 7 46 25 45 59 98 38 60 64 70 88 35 86 88 35 89 76 34 58 90 45 38 72 88 57 20 49 4 46 26 75 26 43 56 13 28 67 81 56 2 45 54 9 79 71 41 19 19 49 17 13 22 87 48 5 36 89 76 14 38 14 15 38 56 43 57 53 27 65 96 90 36 26 6 71 69 59 68 16 16 78 42 42 
62 59 62 46 2 24 50 15 22 85 6 76 29 43 61 99 0 61 48 43 92 67 56 91 34 13 23 69 79 43 23 87 39 89 4 7 71 76 20 25 65 75 95 7 51 48 27 44 12 43 41 41 34 2 37 9 30 70 66 96 48 9 57 63 62 44 26 93 11 86 47 13 85 70 13 78 80 90 24 83 23 41 63 24 40 58 8 88 27 97 53 82 15 93 27 9 12 58 61 11 
88 37 88 93 89 74 34 91 98 6 37 52 98 46 62 39 89 0 58 93 93 64 37 7 73 59 84 97 71 57 52 70 1 36 5 36 79 69 77 79 39 95 89 50 92 39 74 46 19 46 99 57 82 14 91 16 70 46 77 39 52 33 38 76 52 16 41 62 14 19 24 66 24 13 3 60 44 87 3 88 10 95 89 43 17 89 18 28 18 94 73 70 60 47 51 96 34 72 38 82 
74 34 21 41 36 45 87 38 78 50 27 51 41 8 3 39 24 69 0 3 88 79 8 51 85 99 80 51 44 68 100 59 56 35 45 96 80 77 75 22 4 100 40 34 96 56 9 61 14 93 6 49 31 99 48 92 93 73 9 55 26 58 51 81 93 6 89 100 81 33 3 95 19 45 40 5 77 52 73 92 11 50 51 58 93 36 89 24 44 51 19 71 14 53 31 48 8 57 70 10 
10 6 52 35 58 16 67 75 12 67 65 28 86 49 98 47 98 100 65 0 74 37 35 97 62 34 23 94 83 98 29 63 26 27 46 28 9 41 15 78 5 45 62 69 45 76 81 69 30 71 50 58 19 77 58 98 53 48 82 17 46 33 26 14 39 46 84 25 62 97 73 63 79 46 78 89 57 23 30 97 43 96 26 73 2 86 21 17 56 8 28 32 7 35 85 37 61 21 4 24 
42 69 58 82 4 53 70 13 87 22 52 13 13 15 15 34 44 95 22 15 0 6 28 11 86 7 32 8 17 1 91 2 93 72 9 34 69 13 26 9 84 33 38 63 55 89 38 91 85 40 44 91 92 31 86 58 85 33 98 65 6 19 61 22 51 53 17 65 22 61 55 85 100 95 53 15 25 15 32 41 21 91 90 58 16 16 86 48 47 38 87 86 64 2 98 96 40 20 2 79 
47 29 26 1 7 54 26 92 36 86 94 1 28 5 64 53 95 37 58 43 85 0 25 63 41 83 95 26 64 50 54 51 4 50 88 18 73 42 62 26 42 64 26 14 56 72 33 42 2 68 93 32 86 59 96 100 25 94 97 69 90 62 74 33 36 7 31 40 37 61 10 67 45 93 16 79 72 46 95 12 67 48 73 63 69 84 63 88 37 62 1 76 78 76 41 54 100 100 46 95 
9 71 31 75 18 39 24 34 34 89 92 43 71 51 24 68 100 98 15 22 39 59 0 23 26 56 44 55 40 54 44 72 79 89 2 65 58 35 57 13 57 6 67 28 79 42 93 19 89 67 51 80 15 94 57 2 91 29 37 59 91 23 58 78 52 57 68 27 26 77 72 100 51 37 26 47 6 100 30 85 5 78 88 89 86 62 100 34 40 51 48 33 49 96 67 19 35 77 2 5 
77 21 12 61 12 21 4 35 62 69 85 8 77 21 69 19 3 3 31 8 100 96 89 0 34 40 27 27 44 75 61 60 60 15 41 41 95 37 8 87 19 58 5 52 97 7 33 42 53 42 41 67 36 95 82 60 94 32 6 1 92 85 5 49 64 22 15 59 26 45 88 51 65 51 92 29 54 82 64 6 80 60 68 61 17 46 11 77 48 3 20 91 56 99 86 63 24 28 14 37 
67 52 39 90 49 43 86 49 67 22 19 51 64 92 8 34 48 32 69 44 9 79 84 95 0 92 87 62 16 93 73 77 81 26 3 55 19 85 80 3 16 87 8 79 47 76 15 50 77 9 93 22 20 61 96 52 18 75 9 43 73 94 39 78 33 94 37 10 5 62 22 96 1 19 15 78 23 60 51 80 21 75 2 53 82 31 64 7 4 73 19 83 90 60 24 20 42 92 54 27 
69 43 35 79 49 58 79 66 59 70 38 19 93 10 86 26 94 51 13 65 97 43 71 92 70 0 30 35 39 55 31 82 78 19 97 37 34 41 57 65 70 86 31 88 20 30 71 41 89 40 62 10 74 9 69 77 56 43 17 57 3 94 44 78 87 47 39 20 43 23 96 100 5 26 10 91 1 36 70 19 38 56 80 72 46 59 23 7 81 19 9 21 48 13 22 29 22 68 15 86 
52 15 74 4 1 81 80 85 12 51 42 5 17 33 24 57 29 68 67 99 86 31 33 67 6 37 0 14 12 71 47 53 85 39 7 84 94 1 48 92 50 36 18 16 6 54 80 59 72 67 92 56 48 39 31 90 83 9 62 92 2 34 4 54 45 82 90 41 12 97 3 100 44 20 87 7 63 25 93 20 62 4 59 68 15 24 59 23 34 90 20 19 35 63 47 22 68 92 91 86 
33 33 77 64 5 46 4 60 75 22 56 84 25 17 65 71 83 9 39 81 95 75 47 16 75 58 100 0 72 40 76 11 82 86 65 92 25 48 93 58 39 2 53 5 35 32 12 41 58 100 10 82 23 54 29 78 26 15 100 75 25 20 44 82 50 5 1 82 91 34 73 5 67 68 75 59 100 31 98 61 13 42 23 53 78 76 81 90 86 6 87 39 76 17 3 43 1 41 29 40 
13 66 30 36 24 58 58 64 7 55 48 27 7 14 28 4 18 40 89 60 19 100 33 9 62 46 57 36 0 40 82 89 46 84 60 40 17 47 51 92 46 34 7 100 84 41 79 57 39 54 66 15 1 42 38 32 25 59 3 78 3 59 41 33 60 35 44 79 10 100 87 11 54 90 39 60 75 35 34 19 82 74 55 13 32 31 91 30 11 82 28 71 25 73 89 30 69 7 59 87 
84 67 35 37 23 98 16 63 18 100 97 8 76 71 18 77 72 13 59 85 79 91 42 2 86 59 99 66 43 0 48 88 72 47 22 58 36 7 19 9 44 95 40 86 1 86 45 79 94 44 44 3 75 92 51 72 44 6 80 97 7 4 77 92 39 39 68 80 26 48 88 6 5 31 48 45 55 28 71 39 88 9 38 78 91 4 34 95 93 8 25 45 3 97 22 77 58 3 95 89 
38 39 15 3 13 50 44 80 44 6 30 9 78 31 28 36 72 81 19 29 86 18 73 95 20 18 20 97 34 57 0 83 66 88 28 48 9 100 12 99 25 26 76 14 13 18 6 9 54 8 84 27 40 53 66 97 61 36 82 47 48 36 83 37 87 40 15 81 11 98 49 82 76 72 81 82 55 59 73 31 38 38 88 18 36 24 85 21 21 17 95 86 4 98 70 89 22 37 88 75 
42 35 60 12 23 1 83 74 48 85 37 2 59 82 91 26 71 29 43 64 78 74 75 94 83 54 73 90 37 46 18 0 36 9 43 50 6 84 51 64 35 83 81 7 87 78 76 7 30 43 66 11 3 65 67 35 71 85 2 22 17 27 8 34 44 100 50 27 31 6 41 61 81 97 61 93 42 53 72 9 8 32 25 35 1 9 71 35 88 84 44 11 5 44 48 81 19 83 48 67 
52 30 39 62 39 4 6 79 14 3 71 85 21 56 4 89 83 66 16 90 89 34 7 10 79 73 10 56 20 67 98 50 0 85 59 93 74 42 99 96 83 71 8 55 11 96 17 26 90 28 53 73 70 31 66 55 85 55 93 50 82 15 43 90 59 73 57 3 95 98 83 44 59 43 13 89 83 6 58 15 22 77 12 34 61 38 93 16 44 72 77 77 98 45 75 17 80 49 84 17 
71 18 74 60 33 47 85 90 48 30 36 95 73 21 21 4 40 13 66 18 65 26 23 77 59 94 44 68 3 36 93 31 3 0 26 99 90 63 26 24 84 43 53 86 90 66 49 44 69 99 97 53 21 90 7 29 55 46 49 5 98 53 83 99 93 79 83 94 8 82 46 23 20 24 34 20 20 99 69 80 2 54 5 30 49 5 56 87 100 23 43 26 26 25 61 79 96 6 61 80 
56 89 63 69 91 31 42 26 5 98 48 17 87 72 30 90 62 92 80 11 11 10 11 88 42 53 67 71 50 46 99 48 40 90 0 58 78 8 92 17 9 65 64 11 75 61 7 32 96 80 76 68 19 7 42 98 46 96 3 84 9 48 45 18 6 34 23 71 31 94 54 74 80 20 68 73 35 6 97 18 97 95 12 39 19 22 12 91 72 6 48 25 21 67 4 41 38 77 65 61 
63 27 86 2 99 51 84 71 72 56 71 64 79 28 98 31 77 39 97 47 79 23 64 58 93 62 7 1 41 5 96 17 42 30 8 0 64 35 76 54 36 54 57 9 23 81 29 64 44 95 22 95 2 58 63 27 38 47 72 29 69 54 22 32 46 97 7 96 97 35 77 91 21 50 43 42 23 80 88 43 67 96 18 54 27 13 38 53 50 59 55 64 26 98 96 24 17 19 82 74 
44 59 100 43 38 83 25 92 95 2 87 75 44 69 57 80 70 92 64 89 97 3 46 22 60 68 27 98 54 24 23 90 26 44 27 98 0 86 73 98 61 80 49 12 32 46 29 50 63 89 88 21 60 80 81 64 4 30 40 83 44 72 60 86 43 99 5 100 76 25 72 40 78 62 36 9 26 34 20 26 45 9 40 85 54 83 56 47 62 5 66 28 91 43 100 3 86 30 2 1 
4 37 57 46 55 28 20 96 68 24 46 59 88 37 29 1 99 17 53 46 68 28 79 94 3 64 15 26 27 91 76 37 76 63 31 88 55 0 6 7 52 11 58 76 42 77 15 49 11 91 18 59 25 46 48 86 46 15 23 2 55 58 32 6 84 22 66 31 94 32 33 45 57 39 71 69 15 11 59 74 24 29 79 86 68 7 88 11 10 1 95 51 39 22 6 56 17 46 100 16 
68 56 89 92 54 76 49 49 2 84 62 20 81 82 16 10 39 52 81 51 47 99 85 52 8 89 8 99 10 18 77 10 34 52 89 54 25 50 0 41 1 8 66 24 81 88 27 36 4 86 29 30 17 22 22 48 85 43 73 8 17 34 45 66 29 28 64 26 14 77 52 50 68 55 22 16 99 51 33 4 31 38 78 49 66 21 50 37 92 5 15 14 41 29 6 95 90 7 92 99 
1 19 19 4 94 45 68 19 58 72 19 39 19 37 23 55 60 42 98 24 79 72 7 79 76 32 46 11 96 37 15 81 85 25 83 25 12 64 36 0 20 52 57 96 58 89 12 39 42 49 4 24 40 14 38 92 59 76 77 49 91 52 71 75 52 84 68 52 19 53 82 81 80 59 41 83 93 24 8 91 46 52 98 82 38 87 46 68 53 4 33 71 66 20 10 94 67 62 20 66 
86 9 46 45 2 94 23 37 7 69 79 63 6 6 46 65 33 56 51 21 66 100 36 31 57 94 68 81 86 90 53 37 51 65 24 22 95 58 5 14 0 48 94 35 91 71 90 35 37 26 72 31 20 77 85 83 59 11 26 79 32 46 88 72 80 29 4 95 93 75 58 86 10 94 37 30 31 65 60 85 98 76 12 5 89 75 22 40 49 65 30 90 98 91 16 43 44 26 34 93 
90 33 14 30 20 6 57 6 26 83 52 80 15 68 51 81 72 19 55 73 66 46 16 28 17 36 87 36 85 35 91 61 100 34 91 1 82 79 47 14 74 0 29 47 72 30 77 89 43 64 46 5 8 82 40 23 75 7 6 16 17 27 10 12 63 33 81 63 27 30 54 90 25 21 48 4 45 17 100 90 63 19 27 35 11 100 52 16 90 13 65 67 20 29 31 52 75 11 55 56 
72 73 6 66 57 4 92 24 79 53 61 79 25 3 84 25 73 30 84 22 85 31 52 52 76 57 30 36 90 83 75 66 29 87 61 84 13 11 52 90 91 90 0 39 39 97 73 2 60 89 50 60 97 16 40 79 24 81 9 66 47 50 81 2 72 56 52 71 47 73 85 29 94 91 43 71 55 28 72 47 43 53 41 60 89 91 46 67 47 98 22 19 29 12 25 35 94 46 83 46 
51 73 20 31 72 60 2 52 97 84 62 91 82 20 55 18 79 2 99 44 63 25 68 66 54 16 18 51 100 56 69 83 88 57 98 100 77 11 57 31 8 78 25 0 77 69 14 12 1 6 21 44 9 30 53 90 67 91 19 53 66 71 76 98 8 15 26 52 31 100 18 69 87 81 75 31 26 5 59 71 59 39 68 41 71 79 10 70 45 35 23 10 67 26 28 62 69 11 22 6 
82 45 91 70 17 46 53 34 98 33 75 57 1 5 47 38 81 55 20 86 45 10 50 21 19 69 98 57 70 88 42 63 58 33 4 59 12 90 6 75 92 46 82 70 0 62 96 79 66 60 12 75 59 34 69 34 2 25 45 76 15 74 83 94 21 34 55 67 74 54 61 44 81 16 11 68 42 98 96 30 83 40 52 32 45 5 91 61 25 66 13 77 71 33 63 75 58 95 19 51 
21 12 71 61 70 20 76 18 77 27 22 18 59 56 55 13 100 9 52 30 81 90 41 88 30 24 89 23 75 64 9 27 45 16 25 32 40 57 97 14 15 50 81 9 23 0 56 76 71 87 87 21 25 47 92 9 91 100 15 15 96 24 10 54 33 22 86 27 77 80 26 79 5 63 66 41 85 55 57 83 95 3 71 28 9 55 4 10 37 25 97 95 100 81 68 30 72 72 97 99 
72 62 28 69 44 38 29 3 8 18 87 24 35 85 12 68 64 21 67 47 38 20 87 72 25 69 19 19 12 78 18 71 4 82 42 59 73 52 47 58 28 70 77 56 45 67 0 94 26 85 49 97 69 10 71 88 55 74 1 19 87 89 66 5 90 11 83 86 54 42 61 57 62 72 45 36 82 39 25 51 20 84 94 13 35 97 28 65 11 99 45 27 9 67 58 41 37 45 2 84 
69 61 85 51 95 16 72 12 14 3 69 76 25 21 69 80 49 79 84 5 36 71 17 12 37 47 83 30 54 8 92 37 64 76 15 44 38 87 95 28 81 84 77 24 14 8 34 0 65 95 33 31 53 23 72 25 17 4 59 41 37 76 17 22 85 44 30 80 9 26 63 45 44 17 61 70 33 53 2 5 81 66 33 100 45 90 5 61 23 17 32 99 50 100 40 87 75 59 31 80 
9 28 99 44 65 41 16 64 35 4 9 54 44 33 88 57 4 52 82 32 89 33 30 63 76 52 89 34 28 4 55 47 1 39 3 26 35 42 92 51 55 23 86 100 13 16 75 72 0 83 18 72 75 44 82 82 39 20 19 33 94 39 16 73 89 61 47 32 84 37 94 1 23 73 92 42 21 52 8 64 18 53 26 17 70 27 42 78 40 74 81 14 84 77 49 27 9 60 4 20 
62 32 12 19 7 60 62 59 43 2 16 61 35 47 39 14 25 51 69 80 46 53 51 98 44 86 98 89 21 22 91 24 60 51 25 54 73 9 2 79 83 43 92 4 39 52 85 43 96 0 36 29 79 73 97 64 59 66 17 36 25 71 1 47 12 57 67 3 82 19 7 49 84 8 95 65 63 41 81 21 65 58 73 100 98 8 3 88 95 94 58 13 8 76 66 8 37 95 28 33 
75 86 63 100 44 40 20 42 73 31 69 26 86 44 31 5 27 76 95 84 77 91 10 95 6 55 87 71 97 28 21 8 6 13 44 47 42 85 53 75 1 59 45 80 99 38 17 13 21 69 0 48 39 32 11 45 58 51 34 16 95 10 1 6 70 45 82 7 8 9 40 4 97 49 54 25 24 13 8 80 35 100 51 35 37 2 56 42 85 12 3 1 100 6 42 20 70 97 71 68 
33 95 49 21 15 16 8 84 21 15 10 44 63 52 54 79 26 6 83 22 8 51 60 45 67 35 2 75 36 63 33 62 97 63 48 97 81 98 52 55 3 12 56 36 98 61 82 1 43 52 3 0 12 71 2 3 8 7 24 51 50 45 45 20 21 37 93 57 28 63 27 88 25 27 90 73 60 86 11 38 72 91 92 46 13 59 59 68 75 88 20 43 38 48 77 92 99 20 13 15 
53 2 31 86 43 44 88 10 97 22 18 67 25 67 30 94 1 39 20 61 22 11 49 87 39 9 26 41 37 70 67 15 85 53 6 19 13 66 22 39 63 7 66 45 84 26 50 52 91 55 44 56 0 80 71 90 47 88 73 19 30 38 79 47 6 75 49 45 99 94 70 60 44 17 55 67 56 28 56 20 8 8 59 90 67 74 88 99 70 65 23 26 28 60 28 30 49 52 32 42 
69 38 90 86 4 60 93 37 52 26 37 56 38 15 88 20 72 83 46 52 26 59 27 6 35 51 96 38 67 84 60 86 51 90 25 32 45 63 25 53 84 5 46 91 6 17 85 89 60 12 90 5 33 0 62 93 23 27 84 55 80 99 78 1 6 59 82 100 46 17 43 68 61 13 86 18 71 59 25 39 89 14 25 95 98 36 9 46 69 12 59 74 77 68 83 29 20 86 37 69 
92 85 88 81 71 67 76 85 62 66 92 85 76 96 37 94 51 95 9 81 4 1 59 48 31 87 54 38 86 56 36 15 14 73 57 36 57 74 76 40 6 15 45 67 70 96 60 81 37 90 77 79 88 79 0 65 2 100 88 23 28 90 65 18 46 76 52 23 50 97 70 42 6 33 82 17 77 59 15 27 19 38 56 70 27 77 62 12 18 82 55 28 77 54 44 12 35 87 20 61 
18 61 58 21 63 53 95 16 16 95 17 62 21 91 79 52 93 63 42 93 46 31 59 11 11 61 31 38 81 73 87 56 80 59 11 49 24 24 33 57 31 31 74 48 37 81 1 26 89 35 7 23 93 46 94 0 92 65 30 28 71 12 76 54 31 53 94 74 60 60 89 33 29 15 49 57 22 42 38 79 36 40 11 20 43 64 42 66 64 88 79 44 79 85 18 41 19 31 70 56 
35 39 4 47 95 34 66 44 16 4 12 29 71 45 80 47 21 86 53 76 27 3 55 91 88 83 9 56 91 93 23 12 21 58 8 51 92 6 99 81 13 91 2 82 55 52 95 54 8 23 58 39 88 82 74 48 0 79 18 67 22 64 88 89 57 16 35 23 69 63 55 94 17 93 28 83 60 55 86 6 46 85 92 53 93 59 38 16 69 59 63 66 88 22 46 68 82 44 61 52 
17 61 51 97 4 57 3 21 33 80 14 31 95 55 43 50 29 34 97 93 4 90 89 89 18 60 42 28 44 22 77 83 94 78 12 86 29 97 62 59 94 10 52 52 80 79 23 9 54 2 33 85 14 60 56 8 64 0 79 65 33 7 90 29 16 85 45 62 75 22 60 87 57 55 32 93 51 15 40 65 74 65 6 26 1 23 14 25 39 34 90 9 15 3 75 48 4 98 70 7 
71 41 23 81 23 47 78 72 43 82 47 39 2 46 84 39 15 94 19 78 82 16 74 20 71 32 97 2 77 25 67 65 18 51 81 77 49 92 17 5 72 34 99 72 35 64 56 76 72 29 37 34 53 57 90 18 95 65 0 38 48 52 77 57 95 24 88 55 38 7 24 61 52 50 95 53 20 62 45 15 53 13 30 81 66 16 22 67 1 48 79 27 5 62 88 35 38 61 56 56 
20 89 36 25 18 89 24 89 36 24 27 25 67 76 2 94 12 19 95 76 47 27 82 95 57 49 76 71 77 69 62 89 39 63 72 2 86 65 83 78 63 39 7 57 57 67 21 5 71 22 80 98 12 22 90 56 81 11 46 0 73 8 20 83 78 44 85 64 59 17 54 38 13 9 45 33 28 75 88 35 37 67 74 69 85 94 91 87 14 12 26 90 94 39 50 68 42 42 56 95 
1 82 28 90 81 11 28 41 57 50 13 55 36 25 97 37 96 7 93 24 38 18 88 51 90 87 63 98 86 33 62 35 76 33 63 47 59 64 22 50 5 57 41 3 2 60 36 81 100 7 48 95 80 92 3 63 60 83 59 96 0 77 50 37 42 71 98 63 81 78 60 77 70 7 80 7 33 32 16 84 21 4 92 79 90 51 25 1 40 8 35 6 17 36 16 95 25 14 18 1 
71 63 52 27 59 40 83 13 70 10 34 47 57 57 12 8 6 56 65 17 23 16 96 5 20 42 19 70 48 74 44 43 66 30 55 19 34 88 11 90 73 7 13 47 81 47 54 86 10 54 93 11 100 2 97 86 34 100 8 40 26 0 63 40 62 83 82 77 49 27 6 15 2 76 60 81 91 1 5 23 65 72 62 48 51 15 62 47 47 27 38 90 71 97 60 79 59 75 84 90 
33 57 27 60 13 77 20 31 98 80 67 98 65 62 56 98 61 31 29 100 18 67 71 37 42 15 26 48 1 1 19 27 95 66 54 89 87 50 72 46 6 67 46 71 66 57 31 71 41 34 46 54 61 26 76 50 77 57 25 11 51 88 0 68 47 83 80 68 90 16 33 83 6 66 98 26 78 84 69 79 28 11 90 30 20 71 11 52 88 87 51 28 9 11 31 62 39 21 12 88 
63 97 2 82 19 78 61 66 100 36 14 45 52 71 24 37 55 39 3 56 39 34 12 15 65 76 99 62 85 17 94 7 85 88 39 21 90 62 31 99 32 100 8 1 92 37 12 98 22 27 50 35 87 89 42 39 75 10 60 15 31 32 46 0 28 43 14 27 43 14 46 70 32 42 21 74 38 90 10 81 82 33 58 68 26 45 76 63 28 83 40 22 62 17 68 39 56 41 32 17 
13 84 82 60 78 15 12 69 45 48 68 48 4 13 88 13 24 52 36 16 49 78 96 93 99 10 82 66 11 88 32 66 22 55 30 2 61 10 15 53 29 34 76 82 81 60 41 9 50 9 87 61 11 59 69 52 81 38 15 39 44 7 4 66 0 19 7 38 16 8 31 8 26 55 38 79 37 73 89 5 83 12 78 2 14 29 71 51 49 53 93 81 22 56 2 34 81 7 84 67 
9 56 31 97 88 83 50 71 22 15 53 32 64 77 17 65 74 60 69 35 2 82 60 54 67 82 50 8 74 15 59 27 43 48 37 56 6 24 54 98 64 47 26 78 56 38 14 81 63 36 85 75 99 29 85 17 46 67 42 81 82 98 31 43 32 0 100 53 60 58 83 56 83 45 50 83 92 59 6 11 96 87 24 67 60 34 77 11 69 82 30 82 100 10 98 60 92 41 6 68 
45 18 23 66 34 99 16 52 24 80 22 54 12 39 72 72 46 66 99 39 60 20 64 51 19 64 16 3 65 58 96 73 14 99 97 15 42 47 4 2 59 97 49 79 75 99 65 67 54 94 63 3 89 56 69 3 85 56 42 11 65 55 42 12 73 16 0 48 68 13 29 87 80 46 88 8 16 87 34 63 32 34 51 20 94 36 10 52 81 46 68 28 28 82 59 25 69 57 59 9 
80 70 73 41 78 63 2 7 91 23 62 65 92 40 77 51 33 97 82 26 30 50 50 77 95 55 15 33 9 98 46 71 35 81 90 85 69 92 59 49 28 14 57 12 82 18 44 59 35 16 63 14 76 9 23 54 15 35 23 93 39 65 39 83 13 34 81 0 43 100 44 14 26 73 70 44 20 50 22 95 5 44 21 98 13 58 68 44 47 16 92 3 5 80 20 32 53 23 29 35 
84 63 30 93 88 72 18 35 76 89 99 80 72 32 88 47 90 25 37 38 31 90 77 91 15 94 64 89 40 100 18 54 12 67 28 22 72 96 34 29 76 2 28 13 37 100 77 62 90 3 93 72 42 90 90 47 69 28 25 80 33 9 2 66 74 91 13 2 0 45 78 74 44 25 37 23 15 64 7 61 11 65 66 76 76 41 31 79 82 91 67 68 75 11 72 27 17 27 99 25 
33 61 80 46 18 99 22 95 42 44 78 30 49 38 98 63 88 44 54 8 61 82 9 51 84 39 48 26 5 30 63 72 86 28 61 6 76 17 94 56 85 89 95 21 86 41 25 56 78 90 30 93 36 9 33 36 49 12 14 44 15 88 100 26 3 87 2 90 62 0 36 36 82 10 4 72 59 48 15 89 65 91 44 91 95 43 21 27 81 50 79 48 11 87 76 5 59 26 62 17 
55 40 55 9 81 47 17 85 10 20 8 74 92 38 61 97 92 74 2 92 80 41 79 89 5 77 79 55 7 36 68 13 35 61 15 20 29 97 47 64 96 33 71 10 7 69 54 37 9 72 79 71 87 73 10 69 85 65 53 65 74 85 50 94 47 63 96 17 31 68 0 71 11 16 13 33 3 13 34 91 26 27 2 21 88 28 69 61 48 26 14 65 99 28 25 35 89 60 68 85 
64 25 100 21 81 21 30 98 8 42 90 67 76 100 12 67 43 22 58 42 83 22 10 52 33 70 80 16 89 88 53 78 34 84 4 20 95 77 13 5 54 29 93 98 60 70 74 34 17 25 68 57 90 12 87 61 20 30 41 36 82 33 50 76 46 45 30 84 68 67 78 0 6 16 8 39 62 77 27 76 10 1 21 31 33 15 52 6 13 23 77 73 100 17 6 38 23 28 42 60 
86 8 19 89 26 14 42 92 52 23 9 30 26 28 30 18 19 32 46 74 35 18 8 40 36 1 70 23 34 89 45 83 54 20 13 34 93 80 27 51 31 91 3 95 50 81 36 35 59 40 82 57 28 94 17 46 27 6 39 59 70 16 20 54 7 34 45 52 82 91 95 89 0 73 96 12 56 63 16 23 56 48 72 64 37 68 14 34 63 49 33 72 55 59 5 33 71 90 49 91 
5 70 2 39 46 18 86 90 81 49 37 39 26 10 50 8 51 70 90 22 30 68 40 13 75 8 65 14 60 70 14 11 71 44 10 53 98 27 1 36 26 99 93 64 28 58 61 50 87 91 11 37 96 73 18 54 66 29 83 97 91 72 83 13 82 65 94 62 93 52 46 34 98 0 14 43 47 80 96 18 6 57 30 8 74 41 47 48 3 30 75 91 77 98 80 67 58 92 33 42 
26 78 68 84 16 95 1 23 98 36 51 63 40 53 56 93 91 49 24 44 16 21 74 34 14 53 65 2 80 40 23 22 70 75 7 8 98 95 73 50 30 90 8 35 69 26 48 22 43 76 36 45 33 16 93 30 4 2 23 61 72 17 83 79 48 38 31 5 41 67 54 19 20 32 0 11 30 19 45 27 64 22 77 32 51 74 7 9 82 39 24 11 35 39 68 39 68 50 28 81 
23 59 99 35 67 42 95 23 9 40 30 84 62 80 82 92 27 11 42 69 31 11 98 73 84 63 25 16 25 30 40 68 38 13 98 57 76 6 78 36 59 90 25 20 9 5 53 47 28 29 88 98 35 12 45 44 93 18 8 57 63 42 72 50 91 79 58 27 44 19 55 31 64 47 22 0 11 71 18 23 21 75 62 35 23 61 98 53 49 41 19 84 36 72 69 26 15 13 86 93 
29 74 52 28 12 1 70 4 36 31 1 31 32 14 96 85 54 21 58 13 40 36 33 15 73 23 99 75 40 64 40 36 57 55 79 10 74 9 98 4 52 10 7 83 50 19 61 3 96 72 46 55 56 51 78 43 61 61 11 59 25 69 99 7 73 78 35 13 38 88 25 10 54 82 84 53 0 3 30 7 65 39 81 15 9 29 13 17 65 31 12 59 22 29 11 1 46 85 87 92 
21 79 34 90 62 15 58 49 90 80 9 32 38 75 28 54 76 48 50 30 65 61 47 54 80 1 2 36 12 38 98 18 17 30 36 45 56 10 98 80 42 56 50 14 44 71 74 77 60 25 82 81 46 28 47 12 16 44 51 75 18 88 12 45 27 18 81 30 36 24 7 27 61 69 40 84 53 0 100 50 70 69 63 26 14 34 90 71 77 51 59 89 38 96 94 100 9 73 56 46 
29 1 85 32 33 3 76 28 50 90 10 40 48 47 23 25 57 3 75 23 62 41 97 16 24 98 24 51 74 20 52 74 46 40 56 69 9 59 91 93 39 3 91 37 26 73 88 84 86 82 19 87 77 82 3 20 55 32 56 28 5 32 1 33 29 25 77 86 33 59 58 71 29 55 38 8 18 64 0 35 70 93 23 33 24 63 34 13 58 62 86 71 75 64 76 56 19 47 48 97 
4 80 33 37 99 75 100 21 37 71 40 96 43 86 25 33 73 32 32 86 9 93 7 28 12 48 26 96 61 14 88 36 15 90 49 50 35 85 40 85 85 97 25 58 59 54 46 80 82 89 45 71 82 49 92 89 72 86 20 54 10 95 11 58 57 39 13 12 37 16 36 81 54 4 43 5 39 3 28 0 70 48 40 14 43 80 40 93 26 66 36 71 25 82 3 3 29 84 31 32 
21 25 70 96 66 63 72 57 39 58 87 32 78 78 59 44 31 35 31 14 52 14 24 59 90 54 32 1 28 23 70 81 37 42 36 20 39 37 73 100 21 92 8 74 49 88 48 18 58 75 98 47 87 85 76 35 89 29 28 97 5 15 96 77 14 96 14 23 9 50 51 9 6 10 88 54 6 11 45 51 0 37 21 38 99 22 22 50 53 53 7 17 34 16 78 9 68 89 23 25 
11 87 85 10 85 99 75 25 27 74 50 53 58 4 56 89 71 26 49 33 35 70 49 77 14 95 10 45 10 97 88 35 6 62 6 58 39 71 11 73 35 24 61 4 64 50 92 12 11 6 66 48 74 54 78 31 83 79 51 5 22 55 14 94 85 62 18 32 50 76 38 95 4 97 73 65 93 95 66 16 23 0 79 54 49 2 70 10 19 82 83 87 87 34 82 89 32 80 90 40 
34 97 30 5 39 15 45 60 70 73 12 81 88 63 33 37 55 51 17 25 96 67 24 85 92 8 44 94 31 2 55 68 2 65 6 88 37 4 91 13 18 100 69 97 99 7 31 81 86 88 73 28 68 82 33 18 49 41 69 72 22 93 72 43 2 10 32 57 1 54 31 93 69 77 21 7 39 18 9 36 58 23 0 50 23 90 22 76 7 89 5 10 95 80 39 34 52 36 20 27 
10 59 7 39 10 55 5 13 94 43 45 48 25 55 26 77 36 98 73 61 53 39 3 7 59 35 49 72 91 34 90 36 42 55 57 92 87 5 28 17 38 63 56 64 52 26 14 46 61 9 1 73 64 29 13 27 29 98 87 91 5 98 18 94 41 17 81 13 56 77 54 28 15 67 75 84 66 85 67 68 49 25 99 0 68 62 50 77 59 25 25 32 39 77 91 34 58 24 17 15 
60 94 64 63 62 26 39 41 73 58 77 68 79 80 27 75 77 13 61 12 18 29 60 54 99 75 73 11 44 34 15 75 65 56 58 38 64 70 43 52 38 1 50 7 77 99 83 56 69 64 56 2 41 87 23 75 100 76 76 21 59 48 84 68 41 11 52 100 34 72 95 54 60 41 49 42 43 41 6 28 59 36 22 35 0 24 6 22 36 77 67 92 39 31 28 78 19 68 1 100 
69 27 86 91 16 63 8 16 66 88 38 58 89 96 96 51 66 50 54 45 97 71 12 81 47 18 8 3 41 1 52 24 73 92 95 43 58 38 6 61 11 78 83 21 64 44 56 95 60 31 28 29 74 65 59 35 23 61 76 45 63 5 32 46 8 68 40 47 87 57 17 91 76 69 63 53 93 66 8 10 45 68 83 92 98 0 48 29 78 56 31 50 6 40 51 51 52 38 48 95 
48 65 98 39 81 67 42 62 32 3 6 53 81 21 17 40 3 59 51 89 2 66 53 12 4 75 48 35 61 30 88 59 68 38 42 43 37 22 37 25 84 44 77 38 26 92 93 77 79 63 79 51 27 45 78 38 73 91 51 87 57 25 63 92 85 39 84 14 30 18 13 23 83 82 3 88 62 66 69 4 86 3 76 40 42 88 0 12 94 28 33 17 88 24 63 42 51 21 56 86 
47 32 35 91 56 88 38 11 5 74 82 41 93 74 59 61 55 33 61 87 14 1 65 14 61 77 56 80 19 18 29 20 50 11 89 46 21 3 20 74 71 8 89 28 38 38 30 27 45 85 62 60 89 40 71 81 78 98 51 61 76 62 81 35 76 71 100 15 73 16 20 36 46 14 3 74 1 57 38 73 32 19 64 7 8 73 55 0 35 87 34 66 59 95 59 61 51 19 76 55 
54 32 99 53 79 64 2 76 16 37 29 85 8 54 50 6 67 86 12 72 95 13 98 55 36 10 28 2 95 58 30 15 10 74 4 84 66 43 54 64 10 27 97 32 47 90 93 34 65 99 85 67 58 95 100 7 12 88 37 53 35 10 61 8 23 44 99 2 59 11 44 90 39 82 21 59 11 69 66 26 21 19 100 68 59 50 85 50 0 32 50 6 89 49 9 37 98 58 9 68 
77 67 2 86 83 12 42 77 62 96 58 80 68 41 47 85 59 11 37 29 80 32 50 31 33 50 94 86 88 67 2 79 1 69 70 87 11 56 71 21 60 73 5 82 78 60 78 44 8 97 96 41 64 3 35 64 64 65 21 5 16 93 45 13 24 54 74 55 38 60 66 61 26 51 7 18 76 32 100 70 70 75 75 59 71 29 82 69 47 0 56 91 88 88 41 60 100 40 17 23 
62 4 72 50 53 16 49 99 31 60 38 98 33 23 10 39 60 41 52 93 26 66 27 79 61 17 66 31 21 70 95 64 84 48 23 8 1 42 92 65 65 24 49 51 22 93 76 59 13 82 65 3 31 93 27 73 18 83 21 96 5 86 95 61 89 84 41 19 25 36 79 65 60 66 25 67 6 97 85 19 57 74 95 1 29 52 72 42 49 70 0 78 97 31 12 38 54 49 22 11 
23 30 14 83 40 61 88 88 47 72 66 92 52 95 32 52 13 78 18 89 29 13 65 100 66 22 60 12 96 100 15 73 88 30 79 83 5 38 63 44 22 19 26 26 28 29 42 4 18 23 24 15 58 97 57 44 97 24 93 48 82 10 15 58 15 95 56 36 25 96 98 29 16 33 15 87 38 26 90 80 64 57 19 21 62 91 6 53 44 60 65 0 55 88 48 45 23 91 7 21 
70 70 75 39 32 82 45 62 86 7 54 69 64 88 50 72 24 55 50 44 64 26 69 10 76 35 76 98 80 40 32 38 84 94 12 100 68 3 3 79 71 13 44 7 63 25 28 74 47 28 58 35 4 56 77 53 100 50 64 39 31 75 16 22 91 93 73 98 43 19 38 2 67 43 62 67 10 3 62 68 19 14 35 83 22 5 87 37 86 45 6 98 0 39 71 89 43 6 73 96 
89 18 2 96 51 38 62 39 19 92 46 71 49 44 63 65 59 61 41 87 60 71 9 68 43 54 68 98 23 22 56 47 29 47 85 72 97 23 45 36 97 26 7 61 66 1 98 96 4 86 28 45 4 63 37 76 16 85 30 35 39 66 6 92 46 42 27 79 2 35 48 15 10 47 98 15 23 39 24 80 34 85 91 13 74 77 73 92 91 63 86 75 19 0 15 29 62 35 35 85 
39 44 25 35 69 2 84 93 37 40 85 19 29 61 5 49 28 58 69 42 11 46 81 23 48 11 45 15 20 65 53 6 29 55 90 19 26 84 21 62 7 92 40 13 92 37 51 15 36 64 73 7 89 63 50 94 93 50 11 27 32 36 8 38 73 25 94 87 11 42 1 4 25 77 75 42 79 17 14 31 70 24 90 80 85 59 43 74 98 25 6 78 57 92 0 77 17 12 89 80 
7 78 26 25 76 39 5 7 88 67 26 15 35 46 17 35 86 25 89 87 71 40 76 65 87 91 5 56 80 100 6 96 24 20 93 48 100 13 81 56 77 37 24 61 59 25 48 58 55 28 11 3 85 69 67 97 86 26 90 64 22 42 57 68 61 26 71 51 90 59 57 17 85 96 43 53 62 21 69 19 70 50 19 99 81 58 42 49 55 86 60 82 67 59 70 0 89 86 15 52 
41 90 6 8 94 90 51 15 14 63 60 24 19 20 80 42 42 14 91 37 46 15 31 3 9 68 18 1 98 80 6 3 79 39 96 96 97 90 44 11 26 17 21 73 34 39 68 16 57 72 5 71 51 1 18 7 6 36 38 49 72 98 21 26 85 69 22 31 7 25 14 73 90 29 27 31 43 42 99 9 91 100 82 53 1 58 33 64 24 47 53 44 66 76 43 59 0 2 8 61 
50 87 45 32 75 72 41 56 31 3 53 25 60 17 41 56 7 44 8 33 33 68 38 78 92 2 31 88 11 30 13 67 5 99 12 36 98 56 21 63 30 77 41 95 83 98 31 41 49 95 89 71 48 38 39 76 26 48 17 39 58 94 99 82 36 15 1 97 89 85 95 20 65 34 89 91 52 87 3 35 10 83 45 97 43 89 45 65 30 13 9 78 15 46 46 61 34 0 16 65 
15 6 28 89 83 99 85 21 95 20 28 80 85 44 39 66 33 87 65 41 72 7 9 52 84 68 21 62 7 80 58 67 90 99 9 86 88 11 51 42 17 39 56 86 18 21 40 58 93 88 4 77 9 47 59 72 38 67 52 48 74 7 32 47 58 29 75 99 23 32 87 99 39 28 64 70 80 70 65 1 95 57 99 96 36 92 60 76 50 73 91 68 97 32 6 25 15 60 0 98 
2 56 19 95 88 3 17 31 75 62 67 3 85 85 76 37 71 98 7 12 44 29 78 17 44 60 62 94 2 62 88 43 33 3 76 12 46 55 64 34 5 8 80 18 16 13 91 56 100 17 40 93 73 55 77 98 98 31 88 73 85 93 49 30 88 64 95 56 56 34 34 68 96 42 24 13 41 90 91 24 13 2 58 22 66 1 72 59 9 90 21 70 62 37 46 70 26 24 23 0 
