20
0 7 9 8 9 5 3 9 7 8 6 4 9 4 5 7 3 6 6 9
7 0 5 1 7 6 10 4 3 5 10 10 6 3 1 4 2 4 3 7
9 5 0 4 4 10 10 6 5 10 9 7 3 9 8 10 9 8 4 10
8 1 4 0 5 7 5 5 6 2 9 3 1 9 7 1 3 6 3 4
9 7 4 5 0 6 6 7 7 9 5 7 1 2 2 2 7 8 6 8
5 6 10 7 6 0 4 10 8 9 1 10 3 3 10 3 8 8 7 10
3 10 10 5 6 4 0 8 10 4 5 7 3 2 1 10 5 2 8 2
9 4 6 5 7 10 8 0 6 4 3 8 2 7 8 3 1 3 9 1
7 3 5 6 7 8 10 6 0 8 2 3 6 9 2 3 8 7 1 10
8 5 10 2 9 9 4 4 8 0 8 8 2 9 10 4 9 6 1 1
6 10 9 9 5 1 5 3 2 8 0 4 6 6 5 3 7 4 5 2
4 10 7 3 7 10 7 8 3 8 4 0 8 4 9 4 4 3 5 7
9 6 3 1 1 3 3 2 6 2 6 8 0 6 2 10 2 1 7 4
4 3 9 9 2 3 2 7 9 9 6 4 6 0 2 7 6 10 8 5
5 1 8 7 2 10 1 8 2 10 5 9 2 2 0 1 1 6 8 2
7 4 10 1 2 3 10 3 3 4 3 4 10 7 1 0 1 1 6 5
3 2 9 3 7 8 5 1 8 9 7 4 2 6 1 1 0 6 4 2
6 4 8 6 8 8 2 3 7 6 4 3 1 10 6 1 6 0 10 4
6 3 4 3 6 7 8 9 1 1 5 5 7 8 8 6 4 10 0 7
9 7 10 4 8 10 2 1 10 1 2 7 4 5 2 5 2 4 7 0